----------------------------------------------------------------------
Policy Iteration
FrozenLake-v0 Size: 22
Gamma: 0.99
Theta: 0.001
Time: 5.62671589851
deltas = [0.002, 0.25, 0.12375, 0.06474019921874999, 0.04267917952514645, 0.03049192613424101, 0.02156531250109353, 0.015225401984628378, 0.010757196988203682, 0.007613041757947192, 0.00539950274001913, 0.003838957841592272, 0.0027366807219439404, 0.0019563632283397525, 0.001402611865852832, 0.001008616324573497, 0.002, 0.13841653078422367, 0.10960679026055875, 0.08075201148437883, 0.07182507949713768, 0.06364250616328526, 0.05751904659110768, 0.05113485388229588, 0.045242379064392046, 0.041308965451878565, 0.037900866402628186, 0.03547365864459068, 0.03343249659169634, 0.03165578389401108, 0.03001243270969406, 0.028421325735609737, 0.026701198732291653, 0.025344327191402394, 0.024009464491367927, 0.022674090892252696, 0.021565626096844814, 0.020384679339040368, 0.019244850428753735, 0.018292135738871784, 0.01729768488401312, 0.016466922037488563, 0.015717490401029738, 0.01514165454295538, 0.014505038619857746, 0.01382700196265746, 0.013193742344115272, 0.012591284697948013, 0.011984302390771195, 0.011361773701676625, 0.010733914861808025, 0.01010908991246906, 0.009515887940547113, 0.00895044927162525, 0.008396196604119388, 0.007867378732617225, 0.007358052802174497, 0.006867598174058853, 0.0063979413057653756, 0.005950369451576731, 0.005525641068041265, 0.005124082384703577, 0.004745670979770689, 0.004390107430743806, 0.004056876213543115, 0.0037452970420965848, 0.00345456780392589, 0.0031838001773962787, 0.002932048927996145, 0.0026983357845363765, 0.0024816686983565317, 0.0022810571938731705, 0.002095524429778617, 0.0019241165083495049, 0.0017659094962889643, 0.0016200145544198463, 0.0014855815150906504, 0.0013618011949161346, 0.0012479066858550047, 0.0011431738290110793, 0.0010469210422928699, 0.002, 0.053824265138657235, 0.020449067853795355, 0.013929001028053833, 0.010804107442884792, 0.008419175189829375, 0.007484824549946534, 0.006595864772429516, 0.005972232098445773, 0.0055205031946957694, 0.00506980722849637, 0.0047437635073361295, 0.004519940832353353, 0.004274580853023402, 0.004020541877126915, 0.0037706433530672046, 0.0035301452068503547, 0.0032983847784726628, 0.0031333616813665754, 0.0029679082145057656, 0.0028043931023700175, 0.0026445328721122485, 0.002519634183125008, 0.0023954231391370984, 0.002272861741222848, 0.0021529084408258015, 0.002036278908654432, 0.0019234927167628424, 0.0018494454370206193, 0.001800573544800635, 0.0017565004988400468, 0.0017103646025382058, 0.0016624931297803125, 0.001613215703841292, 0.0015628553212731072, 0.0015117217754217899, 0.0014658219312634196, 0.0014201677231749782, 0.0013740517060996799, 0.0013276913007975594, 0.0012812892216424038, 0.0012350321011957155, 0.001189089773072291, 0.0011436150668188566, 0.00109874399376933, 0.001054596224751736, 0.0010117838933430545, 0.002, 0.02096629711077492, 0.016036936697158402, 0.011306397341764557, 0.007690535490718763, 0.005629197870765615, 0.004695261424351546, 0.003959898643936796, 0.003316959612832189, 0.00279231092251999, 0.0024140144703308428, 0.0021330379652921387, 0.001888057642425417, 0.0016714273258116238, 0.0014816478410202283, 0.00131616322285108, 0.0011722248931901602, 0.0010471682716659964, 0.002, 0.013447282537322067, 0.006726827798002349, 0.004958651188190749, 0.004485733119633364, 0.0038224858955152874, 0.0033961376256971543, 0.003033673881119525, 0.0027545769471649384, 0.002540661843279099, 0.002352700314702888, 0.0021964783581855107, 0.002038738936687018, 0.0019039025249444064, 0.0017862676428872792, 0.0016703927295440707, 0.0015585513901160003, 0.0014521190633369485, 0.001360861674866931, 0.0012784598512600165, 0.0011998809719454134, 0.0011254477576480432, 0.0010552913432298333, 0.002, 0.011856478141907944, 0.007923253513043646, 0.006130149078912076, 0.0052993053146693815, 0.004559720399770078, 0.004094245506277367, 0.003510137964146346, 0.002976209804153869, 0.0025123907743342076, 0.002122388270954092, 0.0018039245886568855, 0.0015482511290754765, 0.0013691056696874607, 0.0012249769767347651, 0.0011038785384740665, 0.001005436011640215, 0.002, 0.009425548790447727, 0.0063970472866724595, 0.004612692192563293, 0.0036414032029429347, 0.0028573052671651, 0.0021276337736223783, 0.0015860040412214171, 0.0012144735005878426, 0.002, 0.002497570895912393, 0.0013098561409030252, 0.002, 0.002100253235141442, 0.0012909309952639104, 0.002, 0.001846547428023931, 0.0012275784298383541, 0.002, 0.0016717563619812526, 0.0011646495914729143, 0.002, 0.0016989758575377788, 0.001195342079555108, 0.0010271770449943136, 0.002, 0.0016072484000967378, 0.0010548218335434123, 0.002, 0.001236647413487427, 0.002, 0.002, 0.002, 0.002, 0.002, 0.002, 0.002, 0.002, 0.002, 0.002, 0.002]

   v>>>>^<HH>>><H><<H<HH>
   >^<<<H>><<><<<<<H>^>>>
   <>>><<><H<<<<>^>>><<>v
   H<H<H<H<<>^>>><<>vv>>>
   <H<<<>^>>>H<>vvH>>vvvH
   <H^>H>H<Hvv>H>vvv<<vvv
   >><<>vv>H>vHH<<HvHvH^^
   >HH>>>vvvHHHvvvv^^^^^v
   >Hvvv<<vHvvv^^^^^H^<<>
   v<<vvvvv^^^HHv^<<>>>>H
   vHvv^H^^Hv^<<>>>>>vvHv
   ^^^^^v^<<H>>H>vvHvvvvH
   ^v^<<>HH>HvHHvvHvH<<<<
   H>>>>>HvvvvHHHH<<<<<<>
   >>vvvvvvvvH<<<<<<>v^^^
   vvvvvv<<<<<<<>v^^^>Hv^
   vv<<<<<H<Hv^H^>>H^>>>v
   <<<H<>H^H^HHH^>>>vvH<H
   <>v^^H>HH^>>>vv^<<v>v>
   ^^HHv^>>Hvv^<<v>v>v>^<
   vHH>>vHHHHvHv>H>^<<H^>
   >vv^<<H>vHvHH<<HH><<>G

----------------------------------------------------------------------
Policy Iteration
FrozenLake-v0 Size: 22
Gamma: 0.9
Theta: 0.001
Time: 1.85548496246
deltas = [0.002, 0.25, 0.1125, 0.05094140624999992, 0.02920627441406251, 0.017957473818969727, 0.010902724768346778, 0.006597958925491365, 0.00399137065439123, 0.00241633892276244, 0.0014647243754005723, 0.002, 0.1251968394497308, 0.08639354194903814, 0.0532178111101701, 0.041254159699601056, 0.03103163061961761, 0.024548080673152478, 0.01885417301658915, 0.014291577637790653, 0.011048453243363537, 0.008637585249874374, 0.007012593346478385, 0.005628556045809696, 0.004601812247661624, 0.0037467049437765743, 0.0030407282974173402, 0.0024954268759685913, 0.002021113233408714, 0.0016487853480051523, 0.001334323290815058, 0.0010696084104921191, 0.002, 0.003451783612787184, 0.0019400594964734193, 0.0011709353802201697, 0.002, 0.002, 0.002, 0.002, 0.002, 0.002, 0.002, 0.002, 0.002, 0.002, 0.002, 0.002, 0.002, 0.002, 0.002, 0.002, 0.002, 0.002, 0.002, 0.002]

   v>>>>^<HH>>><H><<H<HH>
   >^<<<H>><<><<<<<H>v>>>
   <>>><<><H<<<<>v>>><<>v
   H<H<H<H<<>v>>><<>vv>>>
   <H<<<>v>>>H<>vvH>>vvvH
   <Hv>H>H<Hvv>H>vvv<<vvv
   >><<>vv>H>vHH<<HvHvH^>
   >HH>>>vvvHHHvvvv^>^>^v
   >Hvvv<<vHvvv^>^>^H^<<>
   v<<vvvvv^>^HHv^<<>>>>H
   vHvv^H^>Hv^<<>>>>vvvHv
   ^>^>^v^<<H>>HvvvHvvvvH
   ^v^<<>HH>HvHHvvHvH<<<<
   H>>>>vHvvvvHHHH<<<<<<>
   >vvvvvvvvvH<<<<<<>v>^>
   vvvvvv<<<<<<<>v>^>>Hv^
   vv<<<<<H<Hv>H>>vH^>vvv
   <<<H<>H>H>HHH^>vvvvH<H
   <>v>^H>HH^>vvvv^<<v>v>
   ^>HHv^>vHvv^<<v>v>v>^<
   vHHvvvHHHHvHv>H>^<<H^>
   vvv^<<H>vHvHH<<HH><<>G

----------------------------------------------------------------------
Policy Iteration
FrozenLake-v0 Size: 22
Gamma: 0.8
Theta: 0.001
Time: 1.88334083557
deltas = [0.002, 0.25, 0.09999999999999999, 0.037999999999999964, 0.018399999999999986, 0.009433599999999986, 0.004761728000000007, 0.002391546879999998, 0.0011992406016000379, 0.002, 0.11543828916703164, 0.06825671974589667, 0.03503313622127707, 0.02293488818922476, 0.014333241116586959, 0.009639225371755156, 0.006273996354060701, 0.0039512168890620675, 0.002546345406120497, 0.0016848749882788852, 0.0011398756906568358, 0.002, 0.002, 0.002, 0.002, 0.002, 0.002, 0.002, 0.002, 0.002, 0.002, 0.002, 0.002, 0.002, 0.002, 0.002, 0.002, 0.002, 0.002, 0.002, 0.002, 0.002, 0.002, 0.002, 0.002, 0.002, 0.002, 0.002]

   v>>>>^<HH>>><H><<H<HH>
   >^<<<H>><<><<<<<H>v>>>
   <>>><<><H<<<<>v>>><<>v
   H<H<H<H<<>v>>><<>vv>>>
   <H<<<>v>>>H<>vvH>>vvvH
   <Hv>H>H<Hvv>H>vvv<<vvv
   >><<>vv>H>vHH<<HvHvH^>
   >HH>>>vvvHHHvvvv^>^>^v
   >Hvvv<<vHvvv^>^>^H^<<>
   v<<vvvvv^>^HHv^<<>>>>H
   vHvv^H^>Hv^<<>>>>vvvHv
   ^>^>^v^<<H>>HvvvHvvvvH
   ^v^<<>HH>HvHHvvHvH<<<<
   H>>>>vHvvvvHHHH<<<<<<>
   >vvvvvvvvvH<<<<<<>v>^>
   vvvvvv<<<<<<<>v>^>>Hv^
   vv<<<<<H<Hv>H>>vH^>vvv
   <<<H<>H>H>HHH^>vvv<H<H
   <>v>^H>HH^>vvv<^<<vvvv
   ^>HHv^>vHv<^<<vvvvv>^<
   vHHvvvHHHHvHvvH>^<<H^>
   vv<^<<HvvHvHH<<HH><<>G

----------------------------------------------------------------------
Policy Iteration
FrozenLake-v0 Size: 22
Gamma: 0.99
Theta: 0.01
Time: 2.77030897141
deltas = [0.02, 0.25, 0.12375, 0.06474019921874999, 0.04267917952514645, 0.03049192613424101, 0.02156531250109353, 0.015225401984628378, 0.010757196988203682, 0.02, 0.13955070882220977, 0.11158325300744987, 0.0826365316947979, 0.07349197678251751, 0.06519470394830618, 0.05886575035947189, 0.05226416018331004, 0.04621386335277705, 0.04208166871428437, 0.03856357985233416, 0.03583455387467016, 0.033670039036732324, 0.03173144746710371, 0.029701007857270922, 0.027595569260575104, 0.025725449061576422, 0.02382575242542595, 0.02211762358751901, 0.020549231176285765, 0.018987916300716168, 0.017468884438470722, 0.016015335422379373, 0.014641532900403875, 0.01335523068651634, 0.012159540092573251, 0.01105433896848329, 0.010037318413989416, 0.02, 0.08856981836680876, 0.054513065549799414, 0.042453838516545356, 0.035461298399977886, 0.028547258705678313, 0.024888253312395137, 0.021455729688177605, 0.01867731333940037, 0.0166315084639595, 0.014784072861448116, 0.013135180616086956, 0.011674805344330685, 0.010386276245782977, 0.02, 0.0518436813923307, 0.026240107610528945, 0.016227140820181507, 0.013779489570503428, 0.012714376531000438, 0.012178127626741975, 0.0113296478133052, 0.010396397349594688, 0.02, 0.0383864397560162, 0.019296783924468264, 0.01142675339639801, 0.02, 0.028714318017477203, 0.016902783425069276, 0.013346341816208807, 0.02, 0.01939743383914231, 0.010120306512819324, 0.02, 0.02, 0.02, 0.02, 0.02, 0.02, 0.02, 0.02, 0.02, 0.02, 0.02, 0.02, 0.02, 0.02, 0.02, 0.02, 0.02, 0.02, 0.02, 0.02, 0.02]

   v>>>>^<HH>>><H><<H<HH>
   >^<<<H>><<><<<<<H>v>>>
   <>>><<><H<<<<>v>>><<>v
   H<H<H<H<<>v>>><<>vv>>>
   <H<<<>v>>>H<>vvH>>vvvH
   <Hv>H>H<Hvv>H>vvv<<vvv
   >><<>vv>H>vHH<<HvHvH^^
   >HH>>>vvvHHHvvvv^^^>^v
   >Hvvv<<vHvvv^^^>^H^<<>
   v<<vvvvv^^^HHv^<<>>>>H
   vHvv^H^>Hv^<<>>>>vvvHv
   ^^^>^v^<<H>>HvvvHvvvvH
   ^v^<<>HH>HvHHvvHvH<<<<
   H>>>>vHvvvvHHHH<<<<<<>
   >vvvvvvvvvH<<<<<<>v>^>
   vvvvvv<<<<<<<>v>^>>Hv^
   vv<<<<<H<Hv>H>>>H^>>vv
   <<<H<>H>H>HHH^>>vvvH<H
   <>v>^H>HH^>>vvv^<<v>v>
   ^>HHv^>>Hvv^<<v>v>v>^<
   vHH>vvHHHHvHv>H>^<<H^>
   vvv^<<H>vHvHH<<HH><<>G

----------------------------------------------------------------------
Policy Iteration
FrozenLake-v0 Size: 22
Gamma: 0.9
Theta: 0.01
Time: 1.63856983185
deltas = [0.02, 0.25, 0.1125, 0.05094140624999992, 0.02920627441406251, 0.017957473818969727, 0.010902724768346778, 0.02, 0.12626514319974796, 0.08779310886363034, 0.054514364903947676, 0.0422260603913206, 0.03186157356572336, 0.02515558583892727, 0.019308561776968214, 0.014617020556653482, 0.011263503902289168, 0.02, 0.02, 0.02, 0.02, 0.02, 0.02, 0.02, 0.02, 0.02, 0.02, 0.02, 0.02, 0.02, 0.02, 0.02, 0.02, 0.02, 0.02, 0.02, 0.02, 0.02, 0.02, 0.02, 0.02, 0.02]

   v>>>>^<HH>>><H><<H<HH>
   >^<<<H>><<><<<<<H>v>>>
   <>>><<><H<<<<>v>>><<>v
   H<H<H<H<<>v>>><<>vv>>v
   <H<<<>v>>>H<>vvH>vvvvH
   <Hv>H>H<Hvv>Hvvvv<<vvv
   >><<>vv>HvvHH<<HvHvH^>
   >HH>>vvvvHHHvvvv^>^>^v
   >Hvvv<<vHvvv^>^>^H^<<>
   v<<vvvvv^>^HHv^<<>>>vH
   vHvv^H^>Hv^<<>>>vvvvHv
   ^>^>^v^<<H>>HvvvHvvvvH
   ^v^<<>HHvHvHHvvHvH<<<<
   H>>>vvHvvvvHHHH<<<<<<>
   vvvvvvvvvvH<<<<<<>v>^>
   vvvvvv<<<<<<<>v>^>>Hv^
   vv<<<<<H<Hv>H>>vH^>vvv
   <<<H<>H>H>HHH^>vvvvH<H
   <>v>^H>HH^>vvvv^<<vvv>
   ^>HHv^>vHvv^<<vvv>v>^<
   vHHvvvHHHHvHv>H>^<<H^>
   vvv^<<HvvHvHH<<HH><<>G

----------------------------------------------------------------------
Policy Iteration
FrozenLake-v0 Size: 22
Gamma: 0.8
Theta: 0.01
Time: 1.80027103424
deltas = [0.02, 0.25, 0.09999999999999999, 0.037999999999999964, 0.018399999999999986, 0.02, 0.11718886154183822, 0.06994059421322363, 0.03595353406163665, 0.023763263616094266, 0.014936539905225754, 0.02, 0.02, 0.02, 0.02, 0.02, 0.02, 0.02, 0.02, 0.02, 0.02, 0.02, 0.02, 0.02, 0.02, 0.02, 0.02, 0.02, 0.02, 0.02, 0.02, 0.02, 0.02, 0.02, 0.02, 0.02, 0.02, 0.02, 0.02, 0.02, 0.02, 0.02]

   v>>>>^<HH>>><H><<H<HH>
   >^<<<H>><<><<<<<H>v>>>
   <>>><<><H<<<<>v>>><<>v
   H<H<H<H<<>v>>><<>vv>>>
   <H<<<>v>>>H<>vvH>>vvvH
   <Hv>H>H<Hvv>H>vvv<<vvv
   >><<>vv>H>vHH<<HvHvH^>
   >HH>>>vvvHHHvvvv^>^>^v
   >Hvvv<<vHvvv^>^>^H^<<>
   v<<vvvvv^>^HHv^<<>>>vH
   vHvv^H^>Hv^<<>>>vvvvHv
   ^>^>^v^<<H>>HvvvHvvvvH
   ^v^<<>HHvHvHHvvHvH<<<<
   H>>>vvHvvvvHHHH<<<<<<>
   vvvvvvvvvvH<<<<<<>v>^>
   vvvvvv<<<<<<<>v>^>>Hv^
   vv<<<<<H<Hv>H>>vH^>vvv
   <<<H<>H>H>HHH^>vvv<H<H
   <>v>^H>HH^>vvv<^<<vvvv
   ^>HHv^>vHv<^<<vvvvv>^<
   vHHvvvHHHHvHvvH>^<<H^>
   vv<^<<HvvHvHH<<HH><<>G

