----------------------------------------------------------------------
Policy Iteration
FrozenLake-v0 Size: 8
Gamma: 0.99
Theta: 0.001
Time: 0.414047956467
deltas = [0.002, 0.25, 0.12375, 0.07611089062499998, 0.04864969269316399, 0.0324848271095656, 0.022271782249771666, 0.01581636836344663, 0.011318689824198841, 0.008136024513196144, 0.005876778313909092, 0.004266652868284704, 0.0031143680683409225, 0.002286302630860937, 0.0016887633001439473, 0.0014752215092730461, 0.0012955377582881018, 0.0011781855005369001, 0.0011045602246345116, 0.0010542342144503475, 0.002, 0.11719908505402377, 0.10061996929408351, 0.08045573092807207, 0.07136601592363706, 0.059257641345034695, 0.051120179226958995, 0.04347014647972536, 0.036692356587806785, 0.03302209992232458, 0.031004337683449623, 0.029136992833829645, 0.02816829644988117, 0.026935488444497446, 0.025920847726417146, 0.02522963062260608, 0.024372660461244755, 0.024024937510443822, 0.023614572954773955, 0.023131153584763864, 0.02258506482038236, 0.02207434252564322, 0.021449342918954006, 0.0206876372643372, 0.019829352947711376, 0.018908256474295837, 0.017970154704516905, 0.017138330689595582, 0.01627731003784305, 0.015405687990770633, 0.014538087742357486, 0.013685709433043036, 0.01285687564074639, 0.012057540244593656, 0.011291743272997867, 0.010562004970709027, 0.009869659068616699, 0.009215129198005267, 0.008598154428404392, 0.008017970686081177, 0.007473454807635893, 0.006963237533461286, 0.006485791071978331, 0.006039496110233078, 0.0056226923961335, 0.005233716320662163, 0.004870928308329692, 0.004532732288813568, 0.004217589070751093, 0.003924025063606562, 0.003650637486557362, 0.0033960969549573505, 0.0031591481358568263, 0.0029386090058227676, 0.002733369119450213, 0.002542387199084062, 0.0023646882800084645, 0.002199360586285559, 0.0020455522669055037, 0.0019024680870198818, 0.0017700717145648082, 0.0016692674712222855, 0.0015736525556132586, 0.001483019395527696, 0.0013971612397604416, 0.0013158734127338978, 0.0012389543418452609, 0.0011662063898326691, 0.0010974365201458502, 0.0010324568195530792, 0.002, 0.035458618956902055, 0.011969757793824587, 0.006632811281042206, 0.005061130752438858, 0.004311653246068525, 0.003822461340437344, 0.0034418608179109245, 0.0031273303955676734, 0.002859273462062051, 0.0026255910765382584, 0.002463257865968127, 0.002315627002107634, 0.0021799029930159586, 0.0020543064924098964, 0.0019375130434853283, 0.001828505412791892, 0.0017264796558613682, 0.0016307836235844309, 0.0015546454237543306, 0.0014831427822827314, 0.0014141818202391132, 0.0013477528304108866, 0.001283838594886011, 0.0012224140283566554, 0.0011634462606242568, 0.0011068950730540594, 0.001052713578536757, 0.0010008490441693052, 0.002, 0.005303209778370621, 0.003088330709038578, 0.0023175498363120495, 0.0021036339716987706, 0.0018903639133872607, 0.0016960338825504628, 0.0015255003696520442, 0.0013756970585578898, 0.001243223269935978, 0.001137650868337392, 0.0010637016524693288, 0.0010030250212535452, 0.002, 0.001251343779525682]

   ^^^^^^<H
   H^<<<H>^
   <H>HH<>v
   <<>H<<<<
   <<<<<vHv
   <v>vvv<<
   vv<<Hv^>
   vv^>vvvG

----------------------------------------------------------------------
Policy Iteration
FrozenLake-v0 Size: 8
Gamma: 0.9
Theta: 0.001
Time: 0.121088027954
deltas = [0.002, 0.25, 0.1125, 0.059484374999999964, 0.03247751953124997, 0.01850563207397457, 0.011183861768760711, 0.0068356108930770765, 0.004188871971554736, 0.002577021930330936, 0.001592421481891454, 0.002, 0.11487429780533204, 0.08199726195758783, 0.05269858828384094, 0.04179689614710996, 0.03011314026239409, 0.02250856638611365, 0.016391821107190258, 0.011757101926163416, 0.009222165133217955, 0.007508763044715289, 0.006155696588612383, 0.00515237014759351, 0.004239213963324495, 0.0035936517840550186, 0.0032297191125864183, 0.002837716326931937, 0.002442866563042337, 0.002067737269224254, 0.00172901460374833, 0.0014333327255548547, 0.0011879546599930686, 0.002, 0.002420199591979741, 0.001199991821941769, 0.002]

   ^>>>^^<H
   H^<<<H>^
   <H>HH<>v
   <<>H<<<<
   <<<<<vHv
   <v>vvv<<
   vv<<Hv^>
   vv^>vvvG

----------------------------------------------------------------------
Policy Iteration
FrozenLake-v0 Size: 8
Gamma: 0.8
Theta: 0.001
Time: 0.0929288864136
deltas = [0.002, 0.25, 0.09999999999999999, 0.04399999999999997, 0.019840000000000024, 0.009580800000000028, 0.004870399999999997, 0.002469416960000012, 0.0012542744575999992, 0.002, 0.11036640611407128, 0.06614732367050954, 0.03439866478990486, 0.0235603159713699, 0.014380953579285663, 0.00912915337184085, 0.005498138300927324, 0.0032363113675449584, 0.002236279211245251, 0.0015265341361806184, 0.0010616647194052753, 0.002, 0.002, 0.002, 0.002]

   ^>>>^^<H
   H^<<<H>^
   <H>HH<>v
   <<>H<<<<
   <<<<<vHv
   <vvvvv<<
   vv<<Hv^>
   vv^>vvvG

----------------------------------------------------------------------
Policy Iteration
FrozenLake-v0 Size: 8
Gamma: 0.99
Theta: 0.01
Time: 0.197953939438
deltas = [0.02, 0.25, 0.12375, 0.07611089062499998, 0.04864969269316399, 0.0324848271095656, 0.022271782249771666, 0.01581636836344663, 0.011318689824198841, 0.02, 0.1220397028000666, 0.10447682214083764, 0.08319272200319683, 0.07393034729993969, 0.06146524948914667, 0.053213237766394694, 0.04544383406314473, 0.038539644860134836, 0.03456887170916312, 0.0326014021360127, 0.031172387313334632, 0.030194769644555697, 0.02898724608879613, 0.02810581097186332, 0.027282354387045793, 0.02631799275290475, 0.025950697636656417, 0.02545762560613124, 0.02479822102628282, 0.024220937639961193, 0.02352840862106864, 0.022658231655260874, 0.021663780669087362, 0.020589540696649256, 0.019471544632632287, 0.018338230056613336, 0.017211470715270072, 0.01610763121526443, 0.015038558587127826, 0.01401246744942325, 0.013034702661018083, 0.012108379510573253, 0.01123491033969548, 0.010414430665021013, 0.02, 0.08328250877245741, 0.04106270302314069, 0.023222697114465507, 0.01526462077220167, 0.010535354985832135, 0.02, 0.0185393040875534, 0.01377144971198773, 0.010756596599394957, 0.02, 0.014858369189139034, 0.011839276733013583]

   ^>>^^^<H
   H^<<<H>^
   <H>HH<>v
   <<>H<<<<
   <<<<<vHv
   <v>vvv<<
   vv<<Hv^>
   vv^>vvvG

----------------------------------------------------------------------
Policy Iteration
FrozenLake-v0 Size: 8
Gamma: 0.9
Theta: 0.01
Time: 0.0848770141602
deltas = [0.02, 0.25, 0.1125, 0.059484374999999964, 0.03247751953124997, 0.01850563207397457, 0.011183861768760711, 0.02, 0.11754196881083284, 0.08412394677033247, 0.05422964364413302, 0.04299814829068144, 0.030957241007598113, 0.023155278076337882, 0.016851975242348716, 0.01207786943741912, 0.02, 0.02, 0.02, 0.02, 0.02]

   ^>>>>^<H
   H^<<<H>^
   <H>HH<>v
   <<>H<<<<
   <<<<<vHv
   <vvvvv<<
   vv<<Hv^>
   vv^>vvvG

----------------------------------------------------------------------
Policy Iteration
FrozenLake-v0 Size: 8
Gamma: 0.8
Theta: 0.01
Time: 0.0952680110931
deltas = [0.02, 0.25, 0.09999999999999999, 0.04399999999999997, 0.019840000000000024, 0.02, 0.11343988804828531, 0.06839279833254688, 0.03594188568074379, 0.024436662476663318, 0.014691365101426684, 0.02, 0.02, 0.02, 0.02, 0.02, 0.02]

   ^>>>>^<H
   H^<<<H>^
   <H>HH<>v
   <<>H<<<<
   <<<<<vHv
   <vvvvv<<
   vv<<Hv^>
   vv^>vvvG

